<!DOCTYPE html>
<html lang="en">
<head>
    <meta charset="UTF-8">
    <meta name="viewport" content="width=device-width, initial-scale=1.0">
    <title>Tabular Data EDA - Group APlus</title>
    <!-- Nhúng Tailwind CSS -->
    <script src="https://cdn.tailwindcss.com"></script>
    <!-- Plotly JS CDN -->
    <script src="https://cdn.plot.ly/plotly-latest.min.js"></script>
    <script src="https://cdn.jsdelivr.net/npm/chart.js"></script>
    <style>
        html { scroll-behavior: smooth; }
        /* Thêm font tương đồng với ảnh của bạn */
        @import url("https://fonts.googleapis.com/css2?family=Poppins&display=swap");
        body { font-family: 'Poppins', sans-serif; }
    </style>
</head>
<body class="bg-gray-50 text-gray-800 font-sans">

    <!-- Navbar -->
    <nav class="bg-white shadow-md fixed w-full z-10 top-0">
        <div class="max-w-6xl mx-auto px-4">
            <div class="flex justify-between items-center py-4">
                <div class="text-2xl font-bold text-blue-700">APlus Group</div>
                <div class="space-x-4 flex items-center">
                    <a href="../index.html" class="text-gray-600 hover:text-blue-600 font-semibold flex items-center gap-1 transition">
                        <span>&larr;</span> Back to Assignment 1
                    </a>
                </div>
            </div>
        </div>
    </nav>

    <!-- Header Section (Đã sửa thành nền sáng, chữ đen đậm giống ảnh 1 & 2) -->
    <section class="pt-32 pb-16 bg-blue-50">
        <div class="max-w-6xl mx-auto px-4 text-center">
            <h1 class="text-4xl md:text-5xl font-extrabold text-gray-900 mb-4">
                Heart Disease EDA 
            </h1>
            <p class="text-xl text-gray-600 mb-8 max-w-3xl mx-auto">
                Exploratory Data Analysis to identify key health factors affecting cardiovascular risk.
            </p>
            <div class="inline-flex items-center justify-center bg-white text-blue-700 font-bold px-5 py-2.5 rounded-lg shadow-sm border border-blue-100 uppercase tracking-wide text-sm">
                Modality 1: Tabular Data
            </div>
        </div>
    </section>

    <!-- Main Content -->
    <main class="max-w-6xl mx-auto px-4 py-12 flex-grow w-full space-y-12">

        <!-- Dataset Overview & Stats -->
        <section class="bg-white p-8 rounded-2xl shadow-sm border border-gray-100">
            <div class="flex justify-between items-center mb-8 border-b border-gray-100 pb-4">
                <h2 class="text-2xl font-bold text-slate-800">1. Dataset Overview</h2>
            </div>
            
            <!-- 3 thẻ thống kê (Bo góc giống các card ở trang chủ) -->
            <div class="grid grid-cols-1 md:grid-cols-3 gap-6 mb-8">
                <div class="bg-[#f8fafc] border border-blue-100 p-8 rounded-xl text-center shadow-sm">
                    <div class="text-4xl font-black text-blue-600 mb-2">253,680</div>
                    <div class="text-sm text-slate-600 font-bold uppercase tracking-wider">Total Samples</div>
                </div>
                <div class="bg-[#f8fafc] border border-green-100 p-8 rounded-xl text-center shadow-sm">
                    <div class="text-4xl font-black text-green-600 mb-2">22</div>
                    <div class="text-sm text-slate-600 font-bold uppercase tracking-wider">Features</div>
                </div>
                <div class="bg-[#f8fafc] border border-purple-100 p-8 rounded-xl text-center shadow-sm">
                    <div class="text-4xl font-black text-purple-600 mb-2">23,899</div>
                    <div class="text-sm text-slate-600 font-bold uppercase tracking-wider">Duplicates (~9.4%)</div>
                </div>
            </div>

            <!-- Feature Table -->
            <div class="overflow-x-auto rounded-xl border border-gray-200 shadow-sm">
                <table class="w-full text-left text-sm text-gray-600">
                    <thead class="bg-gray-50 text-slate-700 uppercase font-bold border-b border-gray-200">
                        <tr>
                            <th class="px-6 py-4">Feature Name</th>
                            <th class="px-6 py-4">Type</th>
                            <th class="px-6 py-4">Description</th>
                        </tr>
                    </thead>
                    <tbody class="divide-y divide-gray-100">
                        <tr class="hover:bg-slate-50 transition">
                            <td class="px-6 py-4 font-bold text-slate-800">HighBP</td>
                            <td class="px-6 py-4"><span class="bg-gray-200 text-gray-700 font-semibold px-3 py-1 rounded-md text-xs">Binary</span></td>
                            <td class="px-6 py-4 text-slate-600">Indicator for high blood pressure (0 = no, 1 = yes)</td>
                        </tr>
                        <tr class="hover:bg-slate-50 transition">
                            <td class="px-6 py-4 font-bold text-slate-800">HighChol</td>
                            <td class="px-6 py-4"><span class="bg-gray-200 text-gray-700 font-semibold px-3 py-1 rounded-md text-xs">Binary</span></td>
                            <td class="px-6 py-4 text-slate-600">Indicator for high cholesterol (0 = no, 1 = yes)</td>
                        </tr>
                        <tr class="hover:bg-slate-50 transition">
                            <td class="px-6 py-4 font-bold text-slate-800">CholCheck</td>
                            <td class="px-6 py-4"><span class="bg-gray-200 text-gray-700 font-semibold px-3 py-1 rounded-md text-xs">Binary</span></td>
                            <td class="px-6 py-4 text-slate-600">Had cholesterol checked (0 = no, 1 = yes)</td>
                        </tr>
                        <tr class="hover:bg-slate-50 transition">
                            <td class="px-6 py-4 font-bold text-slate-800">BMI</td>
                            <td class="px-6 py-4"><span class="bg-blue-100 text-blue-700 font-semibold px-3 py-1 rounded-md text-xs">Continuous</span></td>
                            <td class="px-6 py-4 text-slate-600">Body Mass Index of the individual</td>
                        </tr>
                        <tr class="hover:bg-slate-50 transition">
                            <td class="px-6 py-4 font-bold text-slate-800">Smoker</td>
                            <td class="px-6 py-4"><span class="bg-gray-200 text-gray-700 font-semibold px-3 py-1 rounded-md text-xs">Binary</span></td>
                            <td class="px-6 py-4 text-slate-600">Smoking status (0 = no, 1 = yes)</td>
                        </tr>
                        <tr class="hover:bg-slate-50 transition">
                            <td class="px-6 py-4 font-bold text-slate-800">Stroke</td>
                            <td class="px-6 py-4"><span class="bg-gray-200 text-gray-700 font-semibold px-3 py-1 rounded-md text-xs">Binary</span></td>
                            <td class="px-6 py-4 text-slate-600">History of stroke (0 = no, 1 = yes)</td>
                        </tr>
                        <tr class="hover:bg-slate-50 transition">
                            <td class="px-6 py-4 font-bold text-slate-800">Diabetes</td>
                            <td class="px-6 py-4"><span class="bg-purple-100 text-purple-700 font-semibold px-3 py-1 rounded-md text-xs">Ordinal</span></td>
                            <td class="px-6 py-4 text-slate-600">Diabetes status (0 = no, 1 = borderline, 2 = diabetes)</td>
                        </tr>
                        <tr class="hover:bg-slate-50 transition">
                            <td class="px-6 py-4 font-bold text-slate-800">PhysActivity</td>
                            <td class="px-6 py-4"><span class="bg-gray-200 text-gray-700 font-semibold px-3 py-1 rounded-md text-xs">Binary</span></td>
                            <td class="px-6 py-4 text-slate-600">Physical activity (0 = no, 1 = yes)</td>
                        </tr>
                        <tr class="hover:bg-slate-50 transition">
                            <td class="px-6 py-4 font-bold text-slate-800">Fruits</td>
                            <td class="px-6 py-4"><span class="bg-gray-200 text-gray-700 font-semibold px-3 py-1 rounded-md text-xs">Binary</span></td>
                            <td class="px-6 py-4 text-slate-600">Consumes fruits regularly (0 = no, 1 = yes)</td>
                        </tr>
                        <tr class="hover:bg-slate-50 transition">
                            <td class="px-6 py-4 font-bold text-slate-800">Veggies</td>
                            <td class="px-6 py-4"><span class="bg-gray-200 text-gray-700 font-semibold px-3 py-1 rounded-md text-xs">Binary</span></td>
                            <td class="px-6 py-4 text-slate-600">Consumes vegetables regularly (0 = no, 1 = yes)</td>
                        </tr>
                        <tr class="hover:bg-slate-50 transition">
                            <td class="px-6 py-4 font-bold text-slate-800">HvyAlcoholConsump</td>
                            <td class="px-6 py-4"><span class="bg-gray-200 text-gray-700 font-semibold px-3 py-1 rounded-md text-xs">Binary</span></td>
                            <td class="px-6 py-4 text-slate-600">Heavy alcohol consumption (0 = no, 1 = yes)</td>
                        </tr>
                        <tr class="hover:bg-slate-50 transition">
                            <td class="px-6 py-4 font-bold text-slate-800">AnyHealthcare</td>
                            <td class="px-6 py-4"><span class="bg-gray-200 text-gray-700 font-semibold px-3 py-1 rounded-md text-xs">Binary</span></td>
                            <td class="px-6 py-4 text-slate-600">Has healthcare coverage (0 = no, 1 = yes)</td>
                        </tr>
                        <tr class="hover:bg-slate-50 transition">
                            <td class="px-6 py-4 font-bold text-slate-800">NoDocbcCost</td>
                            <td class="px-6 py-4"><span class="bg-gray-200 text-gray-700 font-semibold px-3 py-1 rounded-md text-xs">Binary</span></td>
                            <td class="px-6 py-4 text-slate-600">Did not visit doctor due to cost (0 = no, 1 = yes)</td>
                        </tr>
                        <tr class="hover:bg-slate-50 transition">
                            <td class="px-6 py-4 font-bold text-slate-800">DiffWalk</td>
                            <td class="px-6 py-4"><span class="bg-gray-200 text-gray-700 font-semibold px-3 py-1 rounded-md text-xs">Binary</span></td>
                            <td class="px-6 py-4 text-slate-600">Difficulty walking (0 = no, 1 = yes)</td>
                        </tr>
                        <tr class="hover:bg-slate-50 transition">
                            <td class="px-6 py-4 font-bold text-slate-800">Sex</td>
                            <td class="px-6 py-4"><span class="bg-blue-100 text-blue-700 font-semibold px-3 py-1 rounded-md text-xs">Continuous</span></td>
                            <td class="px-6 py-4 text-slate-600">Biological sex (0 = female, 1 = male)</td>
                        </tr>
                        <tr class="hover:bg-slate-50 transition">
                            <td class="px-6 py-4 font-bold text-slate-800">GenHlth</td>
                            <td class="px-6 py-4"><span class="bg-purple-100 text-purple-700 font-semibold px-3 py-1 rounded-md text-xs">Ordinal</span></td>
                            <td class="px-6 py-4 text-slate-600">Self-rated general health (1 = excellent, 5 = poor)</td>
                        </tr>
                        <tr class="hover:bg-slate-50 transition">
                            <td class="px-6 py-4 font-bold text-slate-800">MentHlth</td>
                            <td class="px-6 py-4"><span class="bg-blue-100 text-blue-700 font-semibold px-3 py-1 rounded-md text-xs">Continuous</span></td>
                            <td class="px-6 py-4 text-slate-600">Number of days mental health was not good in past month</td>
                        </tr>
                        <tr class="hover:bg-slate-50 transition">
                            <td class="px-6 py-4 font-bold text-slate-800">PhysHlth</td>
                            <td class="px-6 py-4"><span class="bg-blue-100 text-blue-700 font-semibold px-3 py-1 rounded-md text-xs">Continuous</span></td>
                            <td class="px-6 py-4 text-slate-600">Number of days physical health was not good in past month</td>
                        </tr>
                        <tr class="hover:bg-slate-50 transition">
                            <td class="px-6 py-4 font-bold text-slate-800">Age</td>
                            <td class="px-6 py-4"><span class="bg-purple-100 text-purple-700 font-semibold px-3 py-1 rounded-md text-xs">Ordinal</span></td>
                            <td class="px-6 py-4 text-slate-600">Age groups encoded (1–13)</td>
                        </tr>
                        <tr class="hover:bg-slate-50 transition">
                            <td class="px-6 py-4 font-bold text-slate-800">Education</td>
                            <td class="px-6 py-4"><span class="bg-purple-100 text-purple-700 font-semibold px-3 py-1 rounded-md text-xs">Ordinal</span></td>
                            <td class="px-6 py-4 text-slate-600">Education level encoded (1–6)</td>
                        </tr>
                        <tr class="hover:bg-slate-50 transition">
                            <td class="px-6 py-4 font-bold text-slate-800">Income</td>
                            <td class="px-6 py-4"><span class="bg-purple-100 text-purple-700 font-semibold px-3 py-1 rounded-md text-xs">Ordinal</span></td>
                            <td class="px-6 py-4 text-slate-600">Income level encoded (target: 0 = no heart disease, 1 = heart disease)</td>
                        </tr>
                    </tbody>
                </table>
            </div>
        </section>

        <!-- Visualizations Section -->
        <section class="space-y-8">
            <h2 class="text-2xl font-bold text-slate-800 mb-6">2. Visualizations</h2>

            <!-- Plotly Target -->
            <div class="bg-white p-8 rounded-2xl shadow-sm border border-gray-100">
                <h3 class="font-bold text-lg text-slate-800 mb-6 flex items-center gap-2">
                    <span class="w-2 h-6 bg-blue-500 rounded-full inline-block"></span> Target Variable Distribution
                </h3>
                <div id="target-dist" class="w-full max-w-2xl mx-auto h-96"></div>
            </div>

            <div class="grid grid-cols-1 gap-8">
                <div class="bg-white p-8 rounded-2xl shadow-sm border border-gray-100">
                    <h3 class="font-bold text-lg text-slate-800 mb-6 flex items-center gap-2">
                        <span class="w-2 h-6 bg-green-500 rounded-full inline-block"></span> Correlation Heatmap
                    </h3>
                    <div class="bg-gray-50 rounded-xl border border-gray-200 overflow-hidden">
                        <div id="correlationHeatmap" style="width:100%; height:800px; margin: 20px 0;"></div>
                    </div>
                </div>
            </div>
        </section>

        <!-- Findings -->
        <section class="bg-white p-8 rounded-2xl shadow-sm border border-gray-100 border-l-8 border-l-blue-500">
            <h2 class="text-2xl font-bold text-slate-800 mb-6">3. Key Insights</h2>
            <ul class="space-y-4 text-slate-600 font-medium">
                <li class="flex gap-3">
                    <span class="text-blue-500 mt-1">✓</span>
                    <p>The dataset contains 253,680 samples with 22 features, all numeric; many binary features reflect health status and lifestyle.</p>
                </li>
                <li class="flex gap-3">
                    <span class="text-blue-500 mt-1">✓</span>
                    The target is highly imbalanced: 90.58% without heart disease, 9.42% with heart disease.</p>
                </li>
                <li class="flex gap-3">
                    <span class="text-blue-500 mt-1">✓</span>
                    <p>Strong predictors include <span class="bg-gray-100 text-slate-800 px-2 py-0.5 rounded border border-gray-200 font-mono text-sm">Age, Diabetes, GenHlth, PhysHlth, Income, BMI</span>. Individuals with heart disease tend to be older, have worse general health, and higher BMI.</p>
                </li>
                <li class="flex gap-3">
                    <span class="text-blue-500 mt-1">✓</span>
                    <p>Binary features: <span class="bg-gray-100 text-slate-800 px-2 py-0.5 rounded border border-gray-200 font-mono text-sm">HighBP, HighChol, Stroke, DiffWalk</span> are strongly associated with heart disease; <span class="bg-gray-100 text-slate-800 px-2 py-0.5 rounded border border-gray-200 font-mono text-sm">PhysActivity</span> appears protective, while features like <span class="bg-gray-100 text-slate-800 px-2 py-0.5 rounded border border-gray-200 font-mono text-sm">Fruits, Veggies, CholCheck</span> are less discriminative.</p>
                </li>
                <li class="flex gap-3">
                    <span class="text-blue-500 mt-1">✓</span>
                    <p>Outliers: <span class="bg-gray-100 text-slate-800 px-2 py-0.5 rounded border border-gray-200 font-mono text-sm">BMI, MentHlth, PhysHlth</span> are right-skewed; <span class="bg-gray-100 text-slate-800 px-2 py-0.5 rounded border border-gray-200 font-mono text-sm">Age, Education, Income</span> are stable; <span class="bg-gray-100 text-slate-800 px-2 py-0.5 rounded border border-gray-200 font-mono text-sm">Diabetes</span> & <span class="bg-gray-100 text-slate-800 px-2 py-0.5 rounded border border-gray-200 font-mono text-sm">GenHlth</span> are encoded categories.</p>
                </li>
                
                <li class="flex gap-3">
                    <span class="text-blue-500 mt-1">✓</span>
                    <p>Correlations: Most features show weak-to-moderate correlations; meaningful clusters exist such as <span class="bg-gray-100 text-slate-800 px-2 py-0.5 rounded border border-gray-200 font-mono text-sm">GenHlth–PhysHlth–MentHlth</span> and <span class="bg-gray-100 text-slate-800 px-2 py-0.5 rounded border border-gray-200 font-mono text-sm">Education–Income</span>.</p>
                </li>
                
                <li class="flex gap-3">
                    <span class="text-blue-500 mt-1">✓</span>
                    <p>Feature importance (Random Forest): <span class="bg-gray-100 text-slate-800 px-2 py-0.5 rounded border border-gray-200 font-mono text-sm">BMI, Age, Income, PhysHlth, GenHlth/Education</span> are the most important features, reflecting medical, lifestyle, and socioeconomic factors.</p>
                </li>
            </ul>
        </section>

    </main>

    <!-- Footer -->
    <footer class="bg-gray-900 text-gray-400 py-8 text-center mt-auto">
        <p>2026 Group APlus - P4AI-DS (CO3135).</p>
        <p class="mt-2 text-sm">Built with HTML & Tailwind CSS. Hosted on GitHub Pages.</p>
    </footer>

    <script>
        // Target variable distribution
        var data = [{
            x: ["No Heart Disease", "Heart Disease"],
            y: [229787, 23893],
            type: "bar",
            marker: { color: ["#3b82f6", "#8b5cf6"] }, // Xanh lam và Tím khớp với theme
            text: ["229,787", "23,893"],
            textposition: "auto",
        }];
        var layout = {
            title: "Heart Disease Target Distribution",
            margin: { t: 40, b: 40, l: 40, r: 20 },
            yaxis: { title: "Count" },
            font: { family: 'Poppins, sans-serif' }, // Đồng bộ font
            paper_bgcolor: 'rgba(0,0,0,0)',
            plot_bgcolor: 'rgba(0,0,0,0)'
        };
        Plotly.newPlot("target-dist", data, layout, { displayModeBar: false, responsive: true });

        document.addEventListener('DOMContentLoaded', function() {
        
        // Correlation Heatmap
        const corrDiv = document.getElementById('correlationHeatmap');
        
        if (corrDiv) {
            var annotations =[];
            
            var features =[
                "HeartDiseaseorAttack", "HighBP", "HighChol", "CholCheck", "BMI", 
                "Smoker", "Stroke", "Diabetes", "PhysActivity", "Fruits", 
                "Veggies", "HvyAlcoholConsump", "AnyHealthcare", "NoDocbcCost", 
                "GenHlth", "MentHlth", "PhysHlth", "DiffWalk", "Sex", "Age", 
                "Education", "Income"
            ];

            var matrix = [[1.0,0.209,0.181,0.044,0.053,0.114,0.203,0.18,-0.087,-0.02,-0.039,-0.029,0.019,0.031,0.258,0.065,0.182,0.213,0.086,0.222,-0.1,-0.141],[0.209,1.0,0.298,0.099,0.214,0.097,0.13,0.272,-0.125,-0.041,-0.061,-0.004,0.038,0.017,0.301,0.056,0.161,0.224,0.052,0.344,-0.141,-0.171],[0.181,0.298,1.0,0.086,0.107,0.091,0.093,0.209,-0.078,-0.041,-0.04,-0.012,0.042,0.013,0.208,0.062,0.122,0.145,0.031,0.272,-0.071,-0.085],[0.044,0.099,0.086,1.0,0.034,-0.01,0.024,0.068,0.004,0.024,0.006,-0.024,0.118,-0.058,0.047,-0.008,0.032,0.041,-0.022,0.09,0.002,0.014],[0.053,0.214,0.107,0.034,1.0,0.014,0.02,0.224,-0.147,-0.088,-0.062,-0.049,-0.018,0.058,0.239,0.085,0.121,0.197,0.043,-0.037,-0.104,-0.1],[0.114,0.097,0.091,-0.01,0.014,1.0,0.061,0.063,-0.087,-0.078,-0.031,0.102,-0.023,0.049,0.163,0.092,0.116,0.122,0.094,0.121,-0.162,-0.124],[0.203,0.13,0.093,0.024,0.02,0.061,1.0,0.107,-0.069,-0.013,-0.041,-0.017,0.009,0.035,0.178,0.07,0.149,0.177,0.003,0.127,-0.076,-0.129],[0.18,0.272,0.209,0.068,0.224,0.063,0.107,1.0,-0.122,-0.042,-0.059,-0.058,0.015,0.035,0.303,0.074,0.176,0.224,0.031,0.185,-0.131,-0.171],[-0.087,-0.125,-0.078,0.004,-0.147,-0.087,-0.069,-0.122,1.0,0.143,0.153,0.012,0.036,-0.062,-0.266,-0.126,-0.219,-0.253,0.032,-0.093,0.2,0.199],[-0.02,-0.041,-0.041,0.024,-0.088,-0.078,-0.013,-0.042,0.143,1.0,0.254,-0.035,0.032,-0.044,-0.104,-0.068,-0.045,-0.048,-0.091,0.065,0.11,0.08],[-0.039,-0.061,-0.04,0.006,-0.062,-0.031,-0.041,-0.059,0.153,0.254,1.0,0.021,0.03,-0.032,-0.123,-0.059,-0.064,-0.081,-0.065,-0.01,0.154,0.151],[-0.029,-0.004,-0.012,-0.024,-0.049,0.102,-0.017,-0.058,0.012,-0.035,0.021,1.0,-0.01,0.005,-0.037,0.025,-0.026,-0.038,0.006,-0.035,0.024,0.054],[0.019,0.038,0.042,0.118,-0.018,-0.023,0.009,0.015,0.036,0.032,0.03,-0.01,1.0,-0.233,-0.041,-0.053,-0.008,0.007,-0.019,0.138,0.123,0.158],[0.031,0.017,0.013,-0.058,0.058,0.049,0.035,0.035,-0.062,-0.044,-0.032,0.005,-0.233,1.0,0.166,0.192,0.149,0.118,-0.045,-0.12,-0.101,-0.203],[0.258,0.301,0.208,0.047,0.239,0.163,0.178,0.303,-0.266,-0.104,-0.123,-0.037,-0.041,0.166,1.0,0.302,0.524,0.457,-0.006,0.152,-0.285,-0.37],[0.065,0.056,0.062,-0.008,0.085,0.092,0.07,0.074,-0.126,-0.068,-0.059,0.025,-0.053,0.192,0.302,1.0,0.354,0.234,-0.081,-0.092,-0.102,-0.21],[0.182,0.161,0.122,0.032,0.121,0.116,0.149,0.176,-0.219,-0.045,-0.064,-0.026,-0.008,0.149,0.524,0.354,1.0,0.478,-0.043,0.099,-0.155,-0.267],[0.213,0.224,0.145,0.041,0.197,0.122,0.177,0.224,-0.253,-0.048,-0.081,-0.038,0.007,0.118,0.457,0.234,0.478,1.0,-0.07,0.204,-0.193,-0.32],[0.086,0.052,0.031,-0.022,0.043,0.094,0.003,0.031,0.032,-0.091,-0.065,0.006,-0.019,-0.045,-0.006,-0.081,-0.043,-0.07,1.0,-0.027,0.019,0.127],[0.222,0.344,0.272,0.09,-0.037,0.121,0.127,0.185,-0.093,0.065,-0.01,-0.035,0.138,-0.12,0.152,-0.092,0.099,0.204,-0.027,1.0,-0.102,-0.128],[-0.1,-0.141,-0.071,0.002,-0.104,-0.162,-0.076,-0.131,0.2,0.11,0.154,0.024,0.123,-0.101,-0.285,-0.102,-0.155,-0.193,0.019,-0.102,1.0,0.449],[-0.141,-0.171,-0.085,0.014,-0.1,-0.124,-0.129,-0.171,0.199,0.08,0.151,0.054,0.158,-0.203,-0.37,-0.21,-0.267,-0.32,0.127,-0.128,0.449,1.0]
            ];

            // 3. VÒNG LẶP TẠO CHÚ THÍCH THEO CÁCH CỦA GIẢNG VIÊN
            for (var i = 0; i < matrix.length; i++) {
                for (var j = 0; j < matrix[i].length; j++) {
                    annotations.push({
                        x: j,
                        y: i,
                        text: matrix[i][j].toFixed(3),
                        showarrow: false,
                        font: {
                            color: Math.abs(matrix[i][j]) > 0.5 ? 'white' : 'black',
                            size: 9, // Với 22 biến thì size 11 là vừa vặn
                            weight: 'bold'
                        }
                    });
                }
            }

            // 4. DATA SETUP CỦA PLOTLY
            var heatmapData =[{
                z: matrix,
                x: features,
                y: features,
                type: 'heatmap',
                colorscale: 'RdBu_r',
                zmid: 0,
                showscale: true,
                colorbar: {
                    title: 'Correlation',
                    titleside: 'right'
                }
            }];
            
            // 5. LAYOUT (Đã chỉnh size và lề để phù hợp 22 features của bạn)
            var layout = {
                title: {
                    text: 'Feature Correlation Matrix',
                    x: 0.5,
                    font: {size: 18}
                },
                xaxis: {
                    title: 'Features',
                    tickangle: 45
                },
                yaxis: {
                    title: 'Features',
                    autorange: 'reversed'
                },
                annotations: annotations,
                width: null,
                height: 900, // <-- Tăng lên 900px để 22 ô vuông không bị bóp méo
                margin: {l: 180, r: 100, t: 80, b: 150} // <-- Tăng lề trái (l:180) để hiện đủ chữ HeartDiseaseorAttack
            };
            
            var config = {
                responsive: true,
                displayModeBar: true,
                displaylogo: false
            };
            
            // 6. LỆNH VẼ
            Plotly.newPlot('correlationHeatmap', heatmapData, layout, config);
        }
    });

    </script>
</body>
</html>